0.0
0.069478
0.137694
0.204332
0.269083
0.331656
0.391771
0.449167
0.503598
0.554835
0.60267
0.646912
0.687392
0.723961
0.756491
0.784876
0.809032
0.828897
0.844428
0.855608
0.862439
0.864945
0.863172
0.857184
0.847067
0.832926
0.814882
0.793077
0.767666
0.738824
0.706736
0.671603
0.633638
0.593065
0.550118
0.505039
0.458077
0.409488
0.359533
0.308474
0.256576
0.204107
0.15133
0.098509
0.045905
-0.006228
-0.05764
-0.108088
-0.157338
-0.205163
-0.251347
-0.295685
-0.337984
-0.378064
-0.415757
-0.450909
-0.483382
-0.513052
-0.539809
-0.563563
-0.584234
-0.601764
-0.616107
-0.627235
-0.635136
-0.639814
-0.641289
-0.639596
-0.634786
-0.626922
-0.616085
-0.602366
-0.585872
-0.56672
-0.545039
-0.52097
-0.494661
-0.466272
-0.43597
-0.403929
-0.37033
-0.335357
-0.299201
-0.262054
-0.224114
-0.185575
-0.146636
-0.107492
-0.068339
-0.02937
0.009227
0.047268
0.084574
0.12097
0.15629
0.190375
0.223073
0.254244
0.283753
0.311479